	0.000000	0.000000	0.000000	0.000000	0.000000	0.000000	0.000000	0.000000
	0.016000	166630.000000	13.537800	6.821460	2.209147	1021119.642776	514524.280046	1.984590
	0.024000	114610.000000	15.307000	7.243710	2.279226	769706.539011	364247.138806	2.113144
	0.056000	63250.000000	19.922800	7.499840	2.934952	429348.481975	161626.122787	2.656430
	0.120000	38170.000000	25.317400	8.168660	3.795388	254615.633718	82151.743170	3.099333
	0.200000	24920.000000	29.729700	8.464250	4.129817	179393.928423	51074.684866	3.512384
	0.280000	20210.000000	33.193200	8.430200	4.688963	143066.737927	36335.189559	3.937415
	0.400000	16280.000000	37.287300	9.037520	5.395941	112498.868594	27266.945445	4.125833
	0.600000	11740.000000	42.613200	9.247300	5.836764	85711.699643	18599.912706	4.608178
	0.960000	9060.000000	49.775700	9.361770	7.206958	62573.949992	11768.853634	5.316911
	1.200000	7960.000000	53.117800	9.686010	7.914930	53420.265544	9741.164473	5.483971
