	0.000000	0.000000	0.000000	0.000000	0.000000	0.000000	0.000000	0.000000
	0.004000	751310.000000	42.103000	13.754200	2.490187	12702823.386012	4149755.918008	3.061101
	0.006000	495600.000000	46.528700	14.397000	2.463970	9358729.124302	2895795.996935	3.231833
	0.009200	402240.000000	52.550300	14.932600	3.066380	6893415.677807	1958820.766968	3.519166
	0.020800	211130.000000	66.910500	16.054600	3.638868	3882200.380616	931500.649833	4.167684
	0.045200	135181.000000	84.490800	16.992500	5.062988	2255891.320948	453697.127631	4.972241
	0.075200	94841.000000	99.093900	18.690300	5.909713	1590291.084514	299948.003428	5.301889
	0.103600	79491.000000	109.913000	18.734100	6.823865	1280373.232997	218232.967750	5.867002
	0.143200	61071.000000	121.700000	19.873100	7.246563	1025636.703804	167482.175665	6.123856
	0.209200	50011.000000	138.182000	20.118700	8.669207	797145.593207	116060.941700	6.868336
	0.360000	35601.000000	165.732000	22.021700	10.619814	555586.471383	73823.755200	7.525850
