	0.000000	0.000000	0.000000	0.000000	0.000000	0.000000	0.000000	0.000000
	0.016000	425720.000000	14.259000	6.875200	2.180342	2784123.525346	1342408.728625	2.073976
	0.024000	311480.000000	16.463400	7.242860	2.392886	2143027.292572	942797.153460	2.273052
	0.056000	167080.000000	21.455800	7.861310	2.994976	1196949.579926	438557.019648	2.729291
	0.120000	100270.000000	27.320200	8.354330	3.851531	711248.685293	217494.975476	3.270184
	0.200000	67340.000000	31.928000	9.002800	4.311060	498724.603362	140626.342369	3.546452
	0.280000	53760.000000	35.766900	9.092860	4.818348	399063.898156	101452.240954	3.933515
	0.400000	44080.000000	40.355500	9.598870	5.643959	315181.311944	74968.329962	4.204193
	0.600000	33510.000000	45.836000	9.575440	6.435864	238657.072343	49857.022358	4.786830
	0.960000	25320.000000	53.295400	10.411700	7.780659	173435.125434	33881.995359	5.118799
