	0.000000	0.000000	0.000000	0.000000	0.000000	0.000000	0.000000	0.000000
	0.00000805215	221140.000000	2.596770	2.009360	1.780652	322493.992288	249543.289680	1.292337
	0.0000172546	123640.000000	3.713330	2.530650	2.133359	215208.118415	146665.237096	1.467342
	0.0000402608	63690.000000	5.222230	2.984780	2.564210	129710.040536	74136.132417	1.749620
	0.0000862731	37830.000000	6.729970	3.227820	3.263711	78007.745172	37413.979560	2.084989
	0.000138037	26510.000000	8.261810	3.419330	3.659361	59852.141093	24771.112093	2.416207
	0.000287577	14990.000000	10.573900	3.550320	4.310779	36768.934929	12345.632648	2.978295
	0.000431365	10720.000000	12.387700	3.643890	4.624233	28717.443464	8447.347374	3.399581
	0.000575154	9000.000000	13.463100	3.883410	5.176386	23407.817732	6751.948174	3.466824
	0.000718942	7820.000000	14.445400	3.786030	5.622126	20092.580486	5266.113261	3.815448
	0.000862731	7470.000000	15.633300	3.747460	6.444601	18120.712018	4343.717798	4.171706
	0.001006519	5980.000000	16.376600	4.001860	6.018984	16270.532399	3975.940842	4.092247
