	0.000000	0.000000	0.000000	0.000000	0.000000	0.000000	0.000000	0.000000
	0.016000	52060.000000	14.991200	7.129990	2.242188	348071.596241	165546.920893	2.102556
	0.024000	36420.000000	16.925300	7.559290	2.352874	261985.731512	117009.809005	2.239007
	0.056000	18690.000000	22.111700	7.950510	2.817368	146685.727932	52742.500431	2.781167
	0.120000	10970.000000	28.185900	8.587480	3.543518	87257.715490	26585.061560	3.282209
	0.200000	8100.000000	33.121000	8.800340	4.360765	61521.344216	16346.388888	3.763605
	0.280000	6210.000000	36.719400	9.015930	4.680552	48718.077993	11962.035897	4.072725
	0.400000	5170.000000	41.201800	9.058910	5.566704	38265.603697	8413.337767	4.548207
	0.600000	3920.000000	47.058100	9.465550	6.331180	29136.392427	5860.669669	4.971512
	0.960000	2860.000000	55.039600	9.851360	7.390686	21298.868954	3812.215671	5.587005
