	0.000000	0.000000	0.000000	0.000000	0.000000	0.000000	0.000000	0.000000
	0.001200	120940.000000	18.461200	10.850400	1.872949	1192075.729986	700631.513696	1.701430
	0.002400	63960.000000	22.322400	11.015100	1.981039	720702.803400	355634.405339	2.026527
	0.004400	35770.000000	26.582300	11.319600	2.031167	468129.282669	199344.534826	2.348343
	0.008000	23710.000000	31.479400	11.420300	2.447915	304902.948355	110614.660416	2.756442
	0.016000	13810.000000	38.822100	12.013000	2.851599	188011.409864	58177.714928	3.231674
	0.024000	10570.000000	43.496100	12.248400	3.273857	140431.858613	39545.282842	3.551166
	0.056000	5810.000000	56.169400	13.017400	4.198928	77720.846761	18012.002098	4.314948
	0.120000	3550.000000	71.139100	13.980300	5.497732	45935.994865	9027.370167	5.088525
	0.200000	2710.000000	84.246100	14.566300	6.994770	32639.661601	5643.455338	5.783631
	0.280000	2220.000000	94.858400	15.390300	8.022045	26250.866880	4259.071590	6.163519
	0.400000	1730.000000	107.853000	16.105800	8.930592	20892.868766	3119.953694	6.696532
	0.600000	1400.000000	125.867000	16.431400	10.840602	16254.983187	2122.018724	7.660151
