	0.000000	0.000000	0.000000	0.000000	0.000000	0.000000	0.000000	0.000000
	0.0000215346	102130.000000	23.064300	9.758950	2.199329	1071034.521189	453175.355010	2.363400
	0.0000430693	61400.000000	28.114500	10.053000	2.644455	652773.553320	233414.520320	2.796628
	0.0000646039	46070.000000	31.936300	10.776100	2.976302	494340.124977	166802.623371	2.963623
	0.000150742	23630.000000	41.068500	11.055500	3.562033	272442.318664	73340.542118	3.714757
	0.000323019	15560.000000	51.328500	12.134500	5.026176	158902.417505	37565.901696	4.229964
	0.000538366	10730.000000	60.643700	12.543500	5.776667	112644.000550	23299.205373	4.834671
	0.000753712	8990.000000	67.332500	12.973200	6.775871	89334.520347	17212.410045	5.190123
	0.001076732	6880.000000	75.901700	13.570600	7.407916	70492.657412	12603.507651	5.593098
	0.001615097	5330.000000	87.224300	13.943400	8.608467	54005.610809	8633.165686	6.255598
