	0.000000	0.000000	0.000000	0.000000	0.000000	0.000000	0.000000	0.000000
	0.000000632669	3258880.000000	14.271500	8.795450	2.061792	22557609.113138	13902135.239754	1.622600
	0.00000115031	1868660.000000	17.335200	8.056810	2.149538	15070024.602064	7004033.695265	2.151621
	0.00000230062	1076040.000000	21.861000	8.479330	2.475559	9502221.140388	3685671.688501	2.578152
	0.00000345092	786470.000000	24.453700	8.956340	2.714045	7086139.348348	2595348.486780	2.730323
	0.00000805215	410120.000000	32.194300	9.925430	3.302348	3998224.076799	1232643.455475	3.243618
	0.0000172546	250190.000000	40.216900	10.645600	4.316928	2330792.947967	616971.706096	3.777796
	0.0000287577	181130.000000	47.833400	11.246900	5.208882	1663324.952969	391091.777159	4.253030
	0.0000402608	146050.000000	53.286800	11.601500	5.880090	1323540.515837	288158.705242	4.593096
	0.0000575154	116430.000000	59.874400	12.105600	6.696518	1041015.102042	210475.803002	4.946008
	0.0000862731	90690.000000	68.679500	12.648000	7.824107	796070.849430	146604.213828	5.430068
	0.000138037	66810.000000	80.005100	12.837400	9.222252	579591.703674	92999.702978	6.232189
