	0.000000	0.000000	0.000000	0.000000	0.000000	0.000000	0.000000	0.000000
	0.008000	320010.000000	21.147000	8.996330	2.121321	3190112.416502	1357133.590389	2.350625
	0.016000	190010.000000	26.303900	9.991930	2.519115	1984032.041515	753664.258022	2.632514
	0.024000	140010.000000	29.388600	10.321500	2.784351	1477794.315828	519012.611380	2.847319
	0.056000	73001.000000	38.488500	11.075300	3.387422	829450.631864	238679.464855	3.475165
	0.120000	46001.000000	48.828100	11.320200	4.574054	491061.389588	113846.599446	4.313360
	0.200000	34272.000000	57.820800	12.530500	5.679659	348900.273348	75611.110105	4.614405
	0.280000	27607.000000	63.814000	12.632700	6.405155	275046.118304	54448.476803	5.051493
	0.400000	22044.000000	72.947500	12.877500	7.306396	220088.641890	38852.482757	5.664725
	0.600000	16606.000000	83.568600	13.861700	8.255988	168088.919462	27881.263715	6.028741
	0.960000	12543.000000	97.798300	14.746200	9.977580	122944.045659	18537.719839	6.632102
