	0.000000	0.000000	0.000000	0.000000	0.000000	0.000000	0.000000	0.000000
	0.056000	243480.000000	5.916030	3.862580	1.960537	734714.330955	479695.485057	1.531627
	0.120000	159940.000000	8.090690	4.050540	2.759701	468900.467122	234751.312693	1.997435
	0.200000	95680.000000	9.793870	4.525070	2.751537	340565.135598	157351.596268	2.164358
	0.280000	74870.000000	11.005000	4.477120	3.014326	273342.804912	111202.956722	2.458053
	0.400000	64980.000000	12.392500	4.859600	3.737351	215464.032242	84492.153406	2.550107
	0.600000	45990.000000	14.097200	4.799640	3.967700	163402.033774	55633.100005	2.937137
	0.960000	30540.000000	16.602400	5.190160	4.215650	120274.998732	37599.773974	3.198822
	2.000000	20390.000000	21.273300	5.545840	5.863695	73974.274716	19284.713312	3.835902
	3.000000	15760.000000	24.480100	5.435350	6.798312	56750.315858	12600.350052	4.503868
	4.000000	12190.000000	26.922000	5.411180	7.011127	46808.333073	9408.228057	4.975255
