	0.000000	0.000000	0.000000	0.000000	0.000000	0.000000	0.000000	0.000000
	0.024000	100210.000000	7.507720	4.857670	1.992175	377651.911469	244349.597586	1.545539
	0.056000	49219.000000	10.404900	5.182190	2.283880	224231.936279	111679.352792	2.007819
	0.120000	29520.000000	13.194100	5.639420	2.935286	132692.303824	56715.322154	2.339620
	0.200000	19279.000000	15.630000	5.853200	3.194974	94314.005901	35319.177181	2.670334
	0.280000	15385.000000	17.413200	6.194120	3.569505	75053.014499	26697.412203	2.811247
	0.400000	12165.000000	19.845000	6.408520	4.032041	59874.006626	19335.034968	3.096659
	0.600000	8761.000000	22.853900	6.358030	4.355698	45968.071219	12788.468308	3.594494
	0.960000	6466.000000	26.257500	6.613570	5.143509	33008.787258	8314.040756	3.970246
	2.400000	3640.000000	35.498900	7.267180	7.238781	17850.519642	3654.280536	4.884825
	3.840000	2770.000000	41.705200	7.214560	8.813810	13107.089800	2267.388378	5.780699
