	0.000000	0.000000	0.000000	0.000000	0.000000	0.000000	0.000000	0.000000
	0.024000	273430.000000	8.031020	4.974660	2.100574	1045391.295066	647547.417378	1.614386
	0.056000	134910.000000	10.735400	5.490440	2.418316	598893.190668	306293.862341	1.955290
	0.120000	72530.000000	13.712500	5.863650	2.785993	356988.513886	152653.104791	2.338560
	0.200000	51690.000000	16.361000	5.806950	3.309158	255563.556615	90706.240149	2.817486
	0.280000	42660.000000	18.044700	6.327310	3.823488	201331.072110	70596.025751	2.851875
	0.400000	32620.000000	20.439100	6.343460	4.176632	159631.830927	49543.186060	3.222074
	0.600000	25110.000000	23.547100	6.634310	4.822576	122604.109175	34543.262973	3.549291
	0.960000	17690.000000	27.174700	6.775350	5.436013	88432.538327	22048.500942	4.010819
	2.000000	11070.000000	34.589200	7.188130	7.086937	54029.331780	11228.067161	4.811989
