	0.000000	0.000000	0.000000	0.000000	0.000000	0.000000	0.000000	0.000000
	0.00000345092	626490.000000	9.525320	5.513400	2.161967	2760226.258505	1599106.904825	1.726105
	0.00000805215	311710.000000	13.017300	5.905110	2.509936	1616624.131443	733358.171420	2.204413
	0.0000172546	180440.000000	16.536100	6.351140	3.113420	958358.930372	368083.873286	2.603643
	0.0000287577	119660.000000	19.441400	6.837340	3.441146	676041.547133	237756.844254	2.843416
	0.0000402608	99530.000000	21.722400	6.688030	4.007157	539542.184954	166117.662838	3.247952
	0.0000575154	80450.000000	24.372100	7.003260	4.627114	423749.117628	121763.214722	3.480108
	0.0000862731	58170.000000	27.890500	7.129680	5.018506	323281.532714	82640.823153	3.911887
	0.000138037	42256.000000	32.628800	7.558510	5.832891	236377.203214	54757.130335	4.316830
	0.000287577	26232.000000	41.613100	8.492650	7.543720	144702.462297	29531.742803	4.899896
