	0.000000	0.000000	0.000000	0.000000	0.000000	0.000000	0.000000	0.000000
	0.0000179254	124890.000000	5.159570	3.418700	2.238703	287835.696832	190718.198757	1.509220
	0.0000384116	65990.000000	6.914430	3.928800	2.534781	180008.903560	102281.602433	1.759934
	0.0000640193	38450.000000	8.231980	4.078850	2.461542	128585.910811	63712.817853	2.018211
	0.000089627	34300.000000	9.405890	4.364230	3.074206	104944.826894	48693.250918	2.155223
	0.000128039	26470.000000	10.569900	4.198760	3.389192	82552.191129	32792.820937	2.517386
	0.000192058	20540.000000	12.155300	4.793290	3.944871	63289.735392	23916.993825	2.646225
	0.000307293	14100.000000	14.523300	4.775190	4.332831	47262.059338	15539.533930	3.041408
	0.000640193	8070.000000	18.344900	4.894510	5.166358	28655.264897	7645.366319	3.748056
	0.000960289	6320.000000	21.308600	4.850330	6.069026	22189.778285	5050.906550	4.393227
	0.001280386	5210.000000	23.213500	5.031820	6.670811	18130.079523	3929.924257	4.613341
	0.001600482	4300.000000	24.933800	5.194650	6.882073	15578.931847	3245.678489	4.799900
